function [pA_H20_PLS,pA_04,pA_03,pA_02_vazio,pA_02,pA_04_filme_plasticoVazio,pA_03_repetidoVazio,pA_03_plastico,pA_03_paraFilme_vazio2,pA_02_vazio_repetido,pA_01_vazio2,TETA2,TETA]=inicializaVariaveis()

pA_H20_PLS= [	4068	3962	3858	3786	3690	3604	3714	3724	3692	3762	3802	3890	3734	3754	3716	3758	3824	3988	3888	4026	3936	4200	4204	4228	4080	4014	4010	4060	4008	3894	3968	3978	3986	4024	4134	4102	3846	3992	3704	3678	3700	3694	3454	3452	3344	3358	3238	3268	3188	3206	3308	3224	3220	3264	3418	3372	3556	3534	3726	3818	3746	3816	3956	3886	3928	3956	4094	4082	4082	4122	4170	4172	4162	4160	3948	4096	4000	3894	3786	3726	3662	3640	3584	3432	3298	3316	3224	3096	2976	2964	2882	2860	2910	2774	2614	2710	2720	2598	2558	2446	2510	2456	2570	2400	2444	2426	2404	2316	2394	2320	2342	2310	2322	2282	2288	2154	2164	2190	2162	2148	2086	1988	2000	1886	1868	1868	1802	1768	1682	1614	1562	1486	1434	1402	1468	1338	1288	1280	1160	1260	1084	1040	1042	1018	1036	996	950	934	904	952	952	922	838	842	836	828	840	758	828	784	748	844	776	732	814	720	696	702	756	732	696	744	714	704	776	724	724	708	724	674	724	752	690	654	672	634	654	684	650	670	666	644	694	622	668	616	664	630	646	644	648	704	670	592	652	610	588	584	578	616	610	630	622	594	668	616	566	576	566	584	574	586	544	558	580	532	552	554	580	554	542	550	552	560]';
pA_04 =[	2674	2610	2534	2552	2614	2550	2566	2588	2630	2662	2792	2698	2774	2700	2696	2718	2872	2802	2884	2756	2908	2752	2634	2780	2510	2374	2314	2158	2098	1982	1912	1690	1644	1578	1516	1452	1376	1408	1236	1236	1070	1092	960	912	884	862	830	736	752	700	670	668	636	572	588	546	482	482	464	444	410	426	428	386	382	394	354	348	322	356	338	276	294	288	282	274	290	260	268	262	248	246	236	228	232	208	226	226	198	224	212	234	190	200	188	164	186	186	158	168	178	178	140	156	148	138	138	132	140	138	102	106	118	120	116	122	116	110	122	100	106	130	102	114	84	102	112	84	96	80	88	86	90	78	88	86	74	86	68	70	80	96	70	72	68	70	72	76	62	64	60	68	74	68	60	58	74	66	58	54	58	62	64	68	52	50	62	52	44	36	58	62	58	58	46	58	60	64	48	52	60	58	54	40	68	46	52	42	46	40	42	54	36	46	58	50	46	50	44	42	46	68	56	50	58	32	40	52	34	44	48	46	40	40	38	48	44	38	52	36	40	36	44	40	26	36	44	44	34	46	40	48	52	62]';
pA_03= [	2824	2616	2708	2522	2452	2648	2686	2722	2694	2878	2784	2776	2796	2740	2684	2848	2818	2894	2880	2802	2864	2872	2866	2720	2622	2532	2394	2294	2228	2022	1906	1790	1726	1612	1644	1556	1388	1362	1278	1168	1112	1148	996	972	944	906	850	826	820	764	704	628	626	602	596	540	562	516	514	496	464	438	452	458	368	382	348	354	362	328	330	308	276	294	300	274	282	272	296	292	246	254	238	250	216	208	254	250	194	228	226	182	178	192	194	178	170	156	182	172	166	186	158	130	166	152	138	158	130	114	124	136	146	116	120	116	128	126	136	104	122	118	104	128	110	104	98	100	100	90	84	80	92	76	86	76	84	66	70	98	86	88	72	74	66	62	82	64	70	68	100	68	70	70	76	52	78	76	68	58	58	68	58	60	66	60	54	72	56	38	52	68	60	58	56	56	56	60	56	58	46	44	58	54	52	56	38	66	48	42	56	42	44	42	46	50	48	38	56	62	48	54	66	50	40	44	70	58	46	54	48	52	46	50	42	50	56	44	38	48	42	50	46	46	44	46	44	44	46	50	44	50	60	38]';
pA_02_vazio=[	2684	2782	2662	2718	2816	2662	2756	2772	2830	2758	2850	2936	2818	2836	2848	2910	2812	2980	2912	3042	3074	3020	2946	2786	2816	2642	2520	2476	2286	2122	2050	2072	1846	1736	1646	1512	1508	1422	1382	1254	1130	1082	1014	990	924	950	820	768	808	688	692	678	668	590	626	534	544	568	462	448	448	408	406	378	400	372	332	332	350	340	298	282	330	300	298	284	260	266	260	242	272	266	226	228	224	218	226	222	210	208	178	164	200	154	204	166	186	178	180	176	146	162	182	146	146	122	130	124	156	120	132	124	114	128	126	108	120	120	106	118	106	96	90	92	90	102	92	98	104	84	82	88	80	76	88	82	70	96	78	88	66	70	74	60	80	80	66	72	70	66	66	64	70	66	74	62	80	48	74	72	78	58	52	60	56	58	64	48	54	48	74	70	70	48	50	66	44	64	50	54	62	56	48	40	52	52	40	48	58	52	54	56	50	46	48	52	60	52	66	56	52	40	46	44	38	60	52	42	38	60	50	48	42	48	38	52	50	42	50	38	48	58	46	46	56	42	34	62	40	42	54	38	42	46]';
pA_02=[	3084	3092	3080	2976	3032	2994	3060	3186	3356	3386	3434	3430	3450	3560	3650	3594	3776	3890	3836	4036	3946	4098	3914	4214	3918	3970	3678	3684	3568	3432	3434	3194	3114	2986	2870	2564	2486	2384	2312	2026	1820	1632	1474	1368	1328	1250	1122	1090	1034	884	898	872	752	720	710	660	648	558	542	526	458	486	454	486	440	412	390	384	376	332	316	314	306	300	278	280	278	278	266	262	246	270	258	280	232	232	234	214	208	196	200	208	184	186	182	182	196	158	178	204	172	148	162	182	152	116	164	122	148	128	130	150	144	140	108	116	122	100	104	112	120	130	114	112	116	102	88	108	84	114	114	84	106	90	100	88	90	94	90	80	82	76	88	72	88	70	86	90	80	68	56	56	70	74	62	62	62	78	64	60	66	68	70	74	60	62	68	62	62	56	66	66	60	54	42	52	60	50	54	54	58	54	56	56	50	52	52	56	44	42	44	68	56	52	56	60	60	56	42	42	46	38	48	54	54	42	48	44	58	44	42	54	50	56	46	30	32	40	50	52	44	54	36	40	40	32	34	38	34	48	58	54	48	60]';
pA_04_filme_plasticoVazio=[	2298	2254	2310	2092	2158	2122	2150	2240	2188	2160	2260	2268	2188	2200	2188	2184	2350	2414	2664	2620	2454	2414	2314	2320	2272	2144	2086	2126	1988	2058	2034	2044	2054	2012	2096	2122	2282	2400	2370	2274	2286	2364	2358	2390	2314	2084	2026	1958	1780	1810	1688	1730	1668	1628	1616	1546	1644	1612	1554	1534	1520	1460	1400	1280	1312	1194	1152	1170	1044	996	970	914	880	796	798	780	748	716	692	696	680	712	680	684	644	596	582	548	524	496	482	530	514	522	436	476	514	496	484	452	432	434	444	446	430	396	434	428	448	476	446	454	420	412	442	416	414	422	384	360	382	412	362	402	346	354	340	340	332	338	330	316	306	288	306	288	256	304	274	278	258	278	252	266	284	244	224	250	234	238	246	204	220	196	216	200	228	214	194	198	198	192	188	192	182	194	176	162	172	174	174	146	152	174	196	186	142	164	160	134	160	172	158	150	146	144	148	136	138	126	120	148	136	134	132	146	144	132	142	150	132	132	148	120	148	148	132	120	118	132	140	128	142	126	126	124	130	132	98	102	134	110	122	120	120	98	128	112	120	114	106	110	98	140]';
pA_03_repetidoVazio=[ 2888	2782	2696	2634	2602	2618	2702	2794	2752	2766	2892	2824	2818	2860	2844	2874	2886	2862	3020	2966	3014	2910	2936	2822	2690	2600	2434	2292	2278	2166	1934	1938	1870	1650	1686	1544	1458	1306	1342	1152	1120	1048	1036	928	938	918	816	802	798	768	736	686	674	628	598	626	570	550	500	494	496	406	420	410	404	402	358	358	372	370	326	316	316	308	300	298	292	264	270	278	270	264	230	288	250	248	244	254	212	214	206	232	182	184	200	166	198	176	170	202	162	188	130	166	140	134	148	142	156	156	154	140	120	134	138	124	110	112	120	94	108	102	112	96	96	98	112	104	108	92	94	102	88	94	122	98	96	86	84	92	96	86	76	78	78	82	78	70	72	82	66	70	68	78	72	74	66	66	60	64	70	58	64	56	54	60	56	74	70	56	54	54	56	56	66	62	62	68	52	50	62	72	38	56	44	50	48	48	48	42	60	56	52	60	46	46	34	42	54	46	40	60	38	44	46	62	46	46	50	64	48	50	44	48	50	46	52	40	42	56	56	50	42	40	36	48	34	42	42	54	44	50	70	64]';
pA_03_plastico=[	2408	2298	2408	2252	2228	2158	2262	2126	2240	2304	2370	2320	2334	2286	2232	2252	2346	2332	2382	2390	2378	2406	2426	2428	2304	2208	2092	2112	2020	1930	1982	1930	2020	1978	1978	2098	2214	2238	2218	1982	2016	2010	2034	2090	1934	1736	1628	1580	1512	1478	1454	1404	1416	1322	1314	1276	1222	1288	1270	1244	1268	1248	1116	1072	1144	1042	1000	882	884	776	842	786	734	704	664	724	638	618	636	654	584	616	586	580	568	546	538	452	492	422	450	446	454	438	426	394	422	428	390	384	420	326	388	384	356	350	380	366	378	368	414	358	366	320	344	350	372	298	322	332	304	324	324	326	314	292	284	274	294	294	252	276	292	258	250	254	248	248	248	250	224	248	202	208	204	206	208	218	216	178	210	208	192	178	204	198	186	158	190	174	170	164	190	168	192	140	166	150	154	154	134	148	144	148	156	132	150	138	156	144	132	136	124	142	150	142	140	130	120	120	120	140	128	110	118	124	104	110	128	120	108	130	148	116	112	112	100	84	118	110	120	124	104	108	100	98	116	110	94	108	90	124	110	114	96	88	108	110	98	88	94	96	106	110]';
